<?xml version="1.0" encoding="UTF-8"?>
<map version="1.10" tiledversion="1.11.1-99-gec89c545" orientation="orthogonal" renderorder="right-down" width="30" height="20" tilewidth="16" tileheight="16" infinite="0" nextlayerid="10" nextobjectid="36">
 <tileset firstgid="1" source="backgrounds.tsx"/>
 <tileset firstgid="5" source="Tiles_Legacy_Fantasy.tsx"/>
 <tileset firstgid="630" source="trees.tsx"/>
 <objectgroup id="6" name="background 1">
  <object id="13" name="Rock Mountains" gid="4" x="0.0625" y="319.938" width="479.938" height="319.813"/>
  <object id="12" name="Clouds" gid="3" x="0.5" y="319.5" width="480" height="319.5"/>
  <object id="5" gid="2" x="0.5" y="318.5" width="477.5" height="317"/>
  <object id="14" gid="1" x="0.00390625" y="319.996" width="479.996" height="319.988"/>
 </objectgroup>
 <objectgroup id="9" name="trees2">
  <object id="21" gid="816" x="138.667" y="247.333" width="92" height="212"/>
  <object id="22" gid="816" x="318" y="281.333" width="92" height="212"/>
  <object id="23" gid="816" x="70.6667" y="308.667" width="92" height="212"/>
  <object id="24" gid="816" x="187.333" y="294" width="92" height="212"/>
  <object id="25" gid="816" x="295.333" y="299.333" width="92" height="212"/>
  <object id="26" gid="816" x="228.667" y="294.667" width="92" height="212"/>
  <object id="27" gid="816" x="273.333" y="254" width="92" height="212"/>
  <object id="28" gid="816" x="390" y="279.333" width="92" height="212"/>
  <object id="29" gid="816" x="402.667" y="236" width="92" height="212"/>
  <object id="30" gid="816" x="360" y="232" width="92" height="212"/>
  <object id="31" gid="816" x="242" y="266" width="92" height="212"/>
  <object id="32" gid="816" x="208.667" y="306.667" width="92" height="212"/>
  <object id="33" gid="816" x="100" y="294" width="92" height="212"/>
  <object id="34" gid="816" x="431.333" y="288" width="92" height="212"/>
  <object id="35" gid="816" x="544" y="390.667" width="92" height="212"/>
 </objectgroup>
 <layer id="5" name="foreground" width="30" height="20">
  <data encoding="csv">
0,0,0,0,0,0,0,0,0,0,0,14,15,16,0,0,0,0,0,0,0,0,0,0,0,0,0,0,0,0,
0,0,0,0,0,0,0,0,0,0,0,39,40,41,0,0,0,0,0,0,0,0,0,0,0,0,0,0,0,0,
0,0,0,0,0,0,0,0,0,2147483917,2147483715,64,65,66,0,0,0,0,0,0,0,0,0,0,0,0,0,0,0,0,
0,0,0,0,0,0,0,0,0,2147483942,2147483740,89,90,91,0,0,0,0,0,0,0,0,0,0,0,0,0,0,0,0,
0,0,0,0,0,0,0,0,0,0,0,0,115,116,117,167,168,0,0,0,0,0,0,0,0,0,0,0,0,0,
0,0,0,0,0,0,0,0,0,0,0,0,140,141,142,192,193,0,0,0,0,0,0,0,0,0,0,0,0,0,
0,0,0,0,0,0,0,0,0,0,0,0,165,166,0,217,218,0,0,0,0,0,0,0,0,0,0,0,0,0,
0,0,0,0,0,0,0,0,0,0,0,0,190,191,0,0,0,0,0,0,0,0,0,0,0,0,0,0,0,0,
0,0,0,0,0,0,0,0,0,0,0,0,215,216,0,0,0,0,0,0,0,0,0,0,0,0,0,0,0,0,
0,0,0,0,0,0,0,0,0,0,0,0,240,241,0,0,0,0,0,0,0,0,0,0,0,0,0,0,0,0,
0,0,0,0,0,0,0,0,0,0,0,0,0,0,0,0,0,0,0,0,0,0,0,0,0,0,0,0,0,0,
0,0,0,0,0,0,0,0,0,0,0,0,0,0,0,0,0,0,0,0,0,0,0,0,0,0,0,0,0,0,
0,0,0,0,0,0,0,0,0,0,0,0,0,0,0,0,0,0,0,0,0,0,0,0,0,0,0,0,0,0,
0,0,0,0,0,0,0,0,0,0,0,0,0,0,0,0,0,0,0,0,0,0,0,0,0,0,0,0,0,0,
0,0,0,0,0,0,0,0,0,0,0,0,0,0,0,0,0,0,0,0,0,0,0,0,0,0,0,0,0,0,
0,0,0,0,0,0,0,0,0,0,0,0,0,0,0,0,0,0,0,0,0,0,0,0,0,0,0,0,0,0,
0,0,0,0,0,0,0,0,0,0,0,0,0,0,0,0,0,0,0,0,0,0,0,0,0,0,0,0,0,0,
0,0,0,0,0,0,0,0,0,0,0,0,0,0,0,0,0,0,0,0,0,0,0,0,0,0,0,0,0,0,
0,0,0,0,0,0,0,0,0,0,0,0,0,0,0,0,0,0,0,0,0,0,0,0,0,0,0,0,0,0,
0,0,0,0,0,0,0,0,0,0,0,0,0,0,0,0,0,0,0,0,0,0,0,0,0,0,0,0,0,0
</data>
 </layer>
 <objectgroup id="8" name="tress">
  <object id="15" gid="782" x="326.667" y="158" width="104.333" height="154.667"/>
 </objectgroup>
 <layer id="3" name="ground" width="30" height="20">
  <data encoding="csv">
0,0,0,0,0,0,0,0,0,0,0,0,0,0,0,0,0,0,0,0,0,0,0,0,0,0,0,0,0,0,
0,0,0,0,0,0,0,0,0,0,0,0,0,0,0,0,0,0,0,0,0,0,0,0,0,0,0,0,0,0,
0,0,0,0,0,0,0,0,0,0,0,0,0,0,0,0,0,0,0,0,0,0,0,0,0,0,0,0,0,0,
0,0,0,0,0,0,0,0,0,0,0,0,0,0,0,0,0,0,0,0,0,0,0,0,0,0,0,0,0,0,
0,0,0,0,0,0,0,0,0,0,0,0,0,0,0,0,0,0,0,0,0,0,0,0,0,0,0,0,0,0,
0,0,0,0,0,0,0,0,0,0,0,0,0,0,0,0,0,0,0,0,0,0,0,0,0,0,0,0,0,0,
0,0,0,0,0,0,0,0,0,0,0,0,0,0,0,0,0,0,0,0,0,0,0,0,0,0,0,0,0,0,
0,0,0,0,0,0,0,0,0,0,0,0,0,0,0,0,0,0,0,0,0,0,0,0,0,0,0,0,0,0,
0,0,0,0,0,0,0,0,0,0,0,0,0,0,0,0,0,0,0,0,0,0,0,0,0,0,0,0,0,0,
0,0,0,0,0,0,11,8,6,7,6,7,8,6,7,6,6,6,6,6,6,6,6,6,6,6,6,6,6,7,
0,0,0,0,11,35,36,33,31,32,31,32,33,31,32,33,31,31,31,31,31,31,31,31,31,31,31,31,31,32,
0,0,0,0,30,58,57,58,56,57,56,57,58,56,57,58,56,57,58,56,57,58,56,57,56,56,57,58,57,58,
0,0,0,0,80,56,57,58,58,56,56,56,56,57,58,56,56,57,56,56,56,57,56,56,56,57,58,58,58,58,
0,0,0,0,55,56,56,57,58,58,58,56,56,56,56,56,56,56,56,56,57,56,56,57,56,57,56,56,57,58,
0,0,0,0,80,81,56,57,58,56,56,56,57,58,56,56,56,57,56,57,56,56,57,56,57,56,56,57,58,58,
0,0,0,0,55,56,56,57,56,56,56,57,58,56,56,56,57,58,56,56,56,57,56,56,56,56,56,57,58,58,
0,0,0,0,55,81,56,56,56,57,58,58,58,56,56,57,58,56,56,57,58,56,56,56,57,56,57,58,58,58,
0,0,0,0,55,56,56,56,57,58,58,58,56,56,57,58,56,56,57,58,57,56,56,57,56,57,58,58,57,58,
0,0,0,0,80,81,82,56,57,58,58,81,82,56,57,58,56,57,58,57,58,58,57,58,56,57,58,56,57,58,
0,0,0,0,105,56,56,56,56,56,56,56,56,56,56,56,57,58,58,58,58,56,56,56,56,56,56,56,57,58
</data>
 </layer>
</map>
